country,year,biofuel_share,coal_share,gas_share,oil_share,nuclear_share,hydro_share,solar_share,wind_share,other_renewables_share
Brazil,2022,6.495553805755959,4.366916330793739,8.584512054242953,37.3355211495915,0.9778593674787666,29.894807095332972,2.108636782320784,5.713593839894054,4.522599574589296
Brazil,2021,6.819056367572472,5.542601248505183,11.327425945270777,37.181873429916514,1.0340636351160988,26.588259346285152,1.2276407508954903,5.297297145913793,4.9817821305245245
Brazil,2020,7.254457972736014,4.805990393498878,9.257599647415955,36.19972849143051,1.043345918886815,30.668801968437126,0.8316128363218132,4.414135414899032,5.524327356373853
Brazil,2019,7.486180104445293,5.081079551083372,10.11429541884261,36.84159130471702,1.1547573557508595,29.686041410152985,0.4964972614953509,4.177160729701807,4.962396863810696
Brazil,2018,6.874232947042634,5.494242463821568,10.32541745229959,37.60741618301214,1.1448040631007321,29.60647486195204,0.263466328496884,3.689679358198555,4.994266342075842
Brazil,2017,5.948900272105661,5.638908308506544,10.866900395120636,39.68289857935029,1.1606722855056306,28.503955971034305,0.06393313529654839,3.2563738939120004,4.877457159168384
Brazil,2016,5.874686713871065,5.394552594484066,10.805975002374593,39.6336016381492,1.1874134293038272,29.710480204046075,0.00664303533104168,2.6120822827334105,4.774565099706716
Brazil,2015,6.300080609504528,5.828365731150953,12.20843030405564,40.84675521864794,1.0826126578247377,27.545902634523333,0.004520956338650907,1.6558926685158042,4.527439219438407
Brazil,2014,5.31447060516735,5.716780210182922,11.405926183201244,42.91285620461567,1.121585313062241,28.382830413596157,0.0012344227768957576,0.9280334326576083,4.216283214739906
Brazil,2013,4.971730953404218,5.5167027879863255,11.048777166912163,42.3439258179687,1.1631170477564243,30.67458543481309,0.0003742147606997356,0.5158982262508202,3.764888350147571
Brazil,2012,4.355162353540455,5.241252370428607,9.603017876561726,42.21156677777061,1.2439573047228165,33.57116474010846,0.0001179134391547493,0.4081868479939534,3.365573815434221
Brazil,2011,4.695382686584192,5.451589618395098,8.338938967913924,41.01707298794128,1.2577557254085592,35.85248579172648,0.0,0.22640998776924873,3.160364234261214
Brazil,2010,5.322952292233968,5.280880567478493,8.65823536743843,40.98793828768707,1.214459989004837,35.14442689362792,0.0,0.1896681263043412,3.201438476224923
Brazil,2009,5.508521760701326,4.427039522892414,7.08171454200269,41.7600023573051,1.1897195457939067,37.41252188130764,0.0,0.11844772830140066,2.5020326616955404
Brazil,2008,5.038457311822507,5.448087987580434,8.730474923219765,41.907939928545986,1.2815248059612834,35.33149634615561,0.0,0.11309072809130818,2.1489279686231066
Brazil,2007,3.8355089058117833,5.602511676335288,7.736882953455419,41.992292784750525,1.1891922967593713,37.5308166177469,0.0,0.06650392014703259,2.0462908449936994
Brazil,2006,3.0928882569891316,5.627189887723634,7.99646142851315,42.55997213866002,1.4185637509462126,37.48940468294128,0.0,0.025458979314012715,1.7900608749125555
Brazil,2005,3.306519380762655,5.86420172372637,7.812117318967006,42.76036865465117,1.051042250897087,37.505040958393415,0.0,0.010324503812497696,1.6903852087898013
Brazil,2004,3.2238216814672067,6.238687532780021,7.694966701273606,43.15170862310174,1.2786248978020012,36.814178252425165,0.0,0.007009000592180901,1.5910033105580634
Brazil,2003,3.0367644817280066,6.239776565894981,6.784915024131169,43.77398344038577,1.55243773440557,37.01312232708224,0.0,0.00739156634807763,1.5916088600241962
Brazil,2002,3.245821825099814,6.127748732090876,6.176809868734866,45.86573758291566,1.6489733116777847,35.532347373271854,0.0,0.007574052317979141,1.3949872538911694
Brazil,2001,3.063319630573836,6.475141372266231,5.346861435595435,47.856938316693025,1.7518236739468562,34.24803532370049,0.0,0.004482482198452978,1.253397765025672
Brazil,2000,3.186190895651834,6.4147704224945725,4.117722436357649,46.29631986910866,0.7279473040151665,38.19292046212518,0.0,0.00012729318675947188,1.0640013170601723
Brazil,1999,3.8221995921260277,6.289668582438355,3.454243690061908,46.31946520430512,0.5005282491313384,38.427707043942696,0.0,0.00026612046918812857,1.1859215175253635
Brazil,1998,3.855167333740666,6.282249012847119,2.944277115189818,46.763412583698276,0.4155866527778899,38.663869172747496,0.0,0.0006729058497051327,1.0747652231490379
Brazil,1997,4.016341786125458,6.639767830347851,2.9083902356109568,46.61305475947322,0.4176007185407381,38.310361114091094,0.0,0.0005572963325721594,1.0939262594781012
Brazil,1996,4.4382968071181805,7.017012870374438,2.845287404788014,45.49759078558806,0.3400401609796632,38.79716532804963,0.0,0.00029624523970930443,1.0643103978622943
Brazil,1995,4.548531911189555,7.200465497312046,2.734483030835015,44.95807962492544,0.3736943830304691,39.25124150914396,0.0,0.0,0.9335040435635221
Brazil,1994,4.643062034982234,7.3008623258337515,2.6345633002308135,44.5604317410621,0.008672178317775297,39.89624516915195,0.0,0.0,0.956163250421379
Brazil,1993,4.532813589520547,7.458937828969615,2.530019752752443,43.95261438289556,0.07311083696166754,40.524917152711865,0.0,0.0,0.9275864561883017
Brazil,1992,4.489765791133564,7.575156804159809,2.259736742255564,44.12422085931485,0.3044581060521952,40.28674329258845,0.0,0.0,0.9599184044955609
Brazil,1991,4.643584420597354,7.915644972522511,2.02283068868165,44.539513892153636,0.2531244664715241,39.835493840143116,0.0,0.0,0.7898077194302102
Brazil,1990,4.712795467665225,7.127814190621663,2.0086309508605407,45.92705454433995,0.40536605550986216,39.03168087704152,0.0,0.0,0.7866579139612464
Canada,2022,0.5980646581842202,2.7296134280088737,30.960454422229315,30.170306516091998,5.517620570675104,26.44217074943267,0.39908311176898087,2.490387564735185,0.6922989788736427
Canada,2021,0.6425851388235222,3.594329724044038,30.432477307630972,29.72508470369512,6.009064719789016,26.05954741963003,0.35171903687417283,2.3661359010722243,0.8190560484409135
Canada,2020,0.6118896040746769,3.89748387023917,29.844896398441794,28.968307222734484,6.453979068275367,26.661095518491024,0.2952428399934554,2.466782554252382,0.8003229234976481
Canada,2019,0.6118888885598102,4.200170989279604,28.84261878177049,32.01794005305406,6.273786217987637,24.837278822108953,0.2654184054361164,2.1388221681875037,0.8120756736158209
Canada,2018,0.5994248387050873,4.4582851047355865,28.508903420301014,31.910338232328467,6.2305542048549665,25.04787695218488,0.2464626500892771,2.172580772576749,0.8255738242239961
Canada,2017,0.5855769102234227,5.485807279224756,27.176363239385225,31.205147234656057,6.359407328338455,25.99540648271143,0.2354437536730067,2.07611831450889,0.8807294572787545
Canada,2016,0.5041193580928761,5.355542498174172,26.436824362191874,32.00553503402095,6.5027602287800645,25.931448412648546,0.27129809415287887,2.081141628411834,0.9113303835267896
Canada,2015,0.5157589713676302,5.67592686014714,27.351562188186456,31.681285002135674,6.476698131145323,25.514909908893742,0.1932639721596753,1.8002603461051339,0.7903346198592367
Canada,2014,0.5528046320312295,5.6789790767626185,27.407307600658225,31.804817921299882,6.9103947481688595,25.855786732938345,0.14332249182520343,0.8663974379607485,0.7801893583548855
Canada,2013,0.5369521234152186,5.984841911322506,26.36641724928377,31.950414260576192,6.7177154191254775,26.701021466832277,0.10214918381926921,0.7595798305248768,0.88090855510042
Canada,2012,0.5608518927023199,6.283149045379181,25.455061697292575,32.9120927512722,6.345901167583754,26.695075379354627,0.06183042640719907,0.7940665320990803,0.8919711079090717
Canada,2011,0.43107554967525524,6.644254299134998,25.822108531089388,32.56708237662176,6.318084243348901,26.61779808376055,0.040498399966512416,0.7218062954082209,0.8372922209944014
Canada,2010,0.2773633110271903,7.64787757639683,24.403094594266886,33.75072851840078,6.3900157735726175,25.99071174015897,0.018894176356483272,0.6453067425560544,0.8760075672642006
Canada,2009,0.24022936780485332,7.533642467366221,24.135237487078694,32.671382310069916,6.449019379470677,27.695586810867045,0.008177105342366523,0.4989110193757048,0.7678140526245146
Canada,2008,0.24007137270996617,8.66391713570481,23.91768878128307,32.1821244649502,6.64518800206551,27.41507045522329,0.00253278011901999,0.2751426239498655,0.658264383994277
Canada,2007,0.19732655335605812,9.0087858454014,23.91729599034078,32.94623074872237,6.432534084606026,26.545848098136695,0.00188975863185561,0.21714348171173314,0.7329454390930793
Canada,2006,0.05323507820492802,8.94585266131647,23.08448497050199,33.309384617872624,7.042088851148306,26.62037583222891,0.0015906895877966537,0.18656137715541754,0.7564259219835688
Canada,2005,0.052461540286640365,9.183273995552632,23.09143466495134,32.83907883862277,6.620725471923189,27.322945596855476,0.0012917665698720493,0.11831527276705628,0.7704728524710307
Canada,2004,0.044744427315119406,9.284707517143408,23.306326559479974,33.99411422355283,6.5869317079553,25.87921074651805,0.0010880910557057508,0.07226516938260388,0.8306115575970388
Canada,2003,0.04529751928041347,9.979924656832893,24.194102968995047,33.06872504055489,5.577226746285388,26.268950315546668,0.001778486777220279,0.053920485472996646,0.8100737802544854
Canada,2002,0.041804390110770806,10.052304223326418,23.681889168547503,32.03158505785468,5.687671387169302,27.602675264364034,0.0017869752249422754,0.032003101755784386,0.8682804316465733
Canada,2001,0.04322389811253779,10.333507087431531,23.527406023015047,31.926979606942474,6.0106973548877995,27.265153419643024,0.0016236956544865232,0.02707092582566324,0.864337988487438
Canada,2000,0.04244014377009944,9.737874538381188,24.460848419049814,30.40945965581811,5.623977036263293,28.922245160370558,0.0013433895637822175,0.02141198467987575,0.780399672103282
Canada,1999,0.040581158233004566,9.453635674696255,23.709816275212912,31.415955745416174,5.831802504654442,28.729657673570347,0.001098310319977223,0.013489503673566402,0.8039631542233271
Canada,1998,0.0358889563723966,10.148176346998259,22.886779787107294,31.803776041288284,5.8539101526515696,28.43157995681701,0.0008717965110703627,0.005317958717529212,0.8336990035365878
Canada,1997,0.0,9.355860158768579,22.944708835959666,30.75361368222511,6.660890312768082,29.532215584984723,0.0006015046208444266,0.005241683124501431,0.7468682375484963
Canada,1996,0.0,8.996052141098176,22.61295582802131,29.98734900483156,7.524334095655341,30.181762705326808,0.0004893445230114262,0.005267649865358294,0.6917892306784474
Canada,1995,0.0,9.055122184744787,22.842838923949856,30.061530737129893,8.152401307317483,29.20887066894902,0.0003252621982934379,0.005145056591187108,0.6737658591194797
Canada,1994,,,,,,,,,
Canada,1993,,,,,,,,,
Canada,1992,,,,,,,,,
Canada,1991,,,,,,,,,
Canada,1990,,,,,,,,,
China,2022,0.06295522353203649,55.469180274159456,8.485532528713751,17.6654155048141,2.360764418341865,7.673300830634481,2.518554501631621,4.491042341690391,1.27325437648231
China,2021,0.06430824340098022,55.422325253790646,8.667456110717945,18.69154400846679,2.3322120456173234,7.753458049629488,1.9502921028843454,3.9113220002913405,1.2070821852011309
China,2020,0.05493352561633043,56.37293333536639,8.108561750690631,19.233245051869606,2.2230890823297336,8.36153057593291,1.6517972777782317,2.9512202577595197,1.042689142656645
China,2019,0.0759202126691174,57.011008418401275,7.66978943103092,19.686221823217252,2.193729778859654,8.342829266895027,1.4685568200550931,2.657170136189296,0.8947741126823591
China,2018,0.08859865975915043,58.184574519357604,7.390840013743256,19.613378626695262,1.9495948178374227,8.256803668248986,1.2183200766369555,2.5192855536938565,0.7786040640274994
China,2017,0.07163769026007359,59.79705646719855,6.582651067667617,19.599537262267503,1.7287698546634838,8.460030589061814,0.8553957682930136,2.2118297169237553,0.6930915836641727
China,2016,0.08045176805671933,61.44227836504501,5.936828552865957,19.342150467653187,1.5523120741714165,8.751390373907117,0.5048375374309633,1.82773366501995,0.5620171958496843
China,2015,0.0744844336641406,63.55238720475261,5.541206399638786,18.812929313674758,1.2604860961726385,8.542396841336316,0.3026054637818658,1.4224989894651061,0.4910052575137774
China,2014,0.10768364159712132,65.6637644949141,5.4237190626564855,17.68673723547315,0.997186571223912,8.26619230349614,0.183408869961277,1.2462399050905093,0.4250679155872891
China,2013,0.10452383741084315,67.65257226446504,5.0772666709302525,17.450583138973368,0.8614059230076067,7.323146709857878,0.06741586641957557,1.113144602188933,0.3499409867464991
China,2012,0.07921720988673939,68.72916578797398,4.624710767066828,17.331596913998627,0.7929384006191228,7.25143991164357,0.030210680260164966,0.8660926310461821,0.29462769750477436
China,2011,0.06988966712497088,70.66385610278864,4.313268840987045,17.20270923380648,0.7366321771057329,6.057076827415666,0.022976375658636156,0.6523248342549678,0.2812659408578516
China,2010,0.06813486511330738,70.00555727467285,3.7470906219862745,17.946586492129626,0.6851379367061279,6.795589794727758,0.006697502021038347,0.4718985583816192,0.2733069542613958
China,2009,0.07323198459672407,72.18636043332836,3.322078826615131,16.864815354437432,0.6912136125699947,6.330580865247184,0.0028683048921940802,0.28396218432721393,0.24488843398579727
China,2008,0.06424919756722414,71.93173665923082,3.1489639764046293,16.941818137375137,0.7088127361687431,6.879183913356861,0.0016411082946225222,0.1414812143832419,0.1821130572187204
China,2007,0.052157162765318885,73.55062969444408,2.837521315971726,17.22031504922375,0.6730010572753914,5.477771587316721,0.0012854654734353373,0.06185005149047727,0.125468616039128
China,2006,0.05251131012833533,73.40381323311047,2.50706687779369,17.861433833406338,0.6496989287918347,5.379938397373731,0.0011714495360365645,0.045825370368956266,0.09854059949060166
China,2005,0.039829432062260035,73.26287558322177,2.2340197660511896,18.254896380700696,0.6937264578333056,5.406454241760801,0.0011461364927766767,0.026499056173243336,0.08055294570394751
China,2004,0.03225434359844476,71.07452617315718,2.1602306104526217,20.41031090864051,0.7539952569366422,5.50426046381962,0.0011831995390384257,0.019892879921184856,0.04334616393472735
China,2003,0.02993282151896142,71.32709424179751,2.1603911205154187,20.448902555927916,0.7624999083366606,5.200832480126756,0.0011758193880732468,0.0182757733920417,0.05089527899665436
China,2002,0.012628410315091725,69.7136627618002,2.165871776349749,21.32174906796441,0.5182287237058457,6.189298029747086,0.0010308906379666715,0.017996405137075316,0.05953393434257528
China,2001,0.0,69.25188750048818,2.2169735630044536,21.517525613142453,0.39498597561215215,6.535901221990619,0.0007297477165913276,0.016944581595137093,0.06505179645042693
China,2000,0.0,69.58651754368941,2.092805740336905,22.26129661466593,0.4024564495614214,5.573290064314557,0.0005508342469413656,0.01477930656408833,0.06830344662072933
China,1999,,,,,,,,,
China,1998,,,,,,,,,
China,1997,,,,,,,,,
China,1996,,,,,,,,,
China,1995,,,,,,,,,
China,1994,,,,,,,,,
China,1993,,,,,,,,,
China,1992,,,,,,,,,
China,1991,,,,,,,,,
China,1990,,,,,,,,,
Germany,2022,1.0152250089058676,18.94518815310306,22.623977435151087,34.63186787292754,2.5411213987583596,1.3355142586088349,4.638954514067466,9.561257587550461,4.7068937709273255
Germany,2021,0.9829111841363859,17.521980833119212,25.84381944726178,32.6951510315947,4.890383202383689,1.449123471315041,3.6373742905955164,8.451830364991144,4.527426174602531
Germany,2020,1.138962998711412,14.932506487167338,25.26348180852393,33.99934047977921,4.705824688852338,1.3955784302664673,3.7700832463012195,10.062120772247711,4.732101088150358
Germany,2019,0.8697980478226649,16.88257455894802,24.147443751166357,35.01740407474421,5.135757192196699,1.406660337912214,3.2239053824163393,8.975282697888522,4.341173956904968
Germany,2018,0.862105536916156,21.25594215951139,22.621298312283088,33.903529447104134,5.084493878597474,1.2334501585849431,3.0897253240800633,7.665092630628696,4.284362552294034
Germany,2017,0.8063608717298186,21.474441476476063,22.5393906605074,34.733013861422755,5.007200705735953,1.3775877455959578,2.649952192246255,7.225881232284028,4.1861712540017475
Germany,2016,0.8026265696873937,23.158004029787012,22.08880676304743,34.43557870484217,5.657601337329292,1.4312691799360013,2.616238901886943,5.567694879079067,4.242179634404691
Germany,2015,0.8140478129440956,24.20233074018365,20.353469938974186,34.29226003931911,6.273468542466144,1.351676960182858,2.712029197597689,5.74255744527897,4.258159323053307
Germany,2014,0.884822906054775,24.953644561590746,19.91532047239426,34.99075586315443,6.805086161823601,1.4300922257617654,2.5881427100682934,4.271006829341914,4.161128269810212
Germany,2013,0.8094053564167578,24.903561285339425,21.96558941548432,34.49025324678513,6.577271560511916,1.6202324455431134,2.157285514172219,3.7153753154631,3.761025860284
Germany,2012,0.9301911393532284,24.8829120275179,21.560853979954363,34.70011948701659,6.956403852824959,1.5856551782802115,1.949273176028698,3.7667783562361197,3.667812802787942
Germany,2011,0.8852512474448099,24.545752219663477,21.791900738023788,35.39255939427341,7.702855479661563,1.3137551086957986,1.4862346503314168,3.7066392496061944,3.1750519122995433
Germany,2010,0.8198798642839152,23.29444479535365,22.89258877158124,35.28961316548956,9.730894228427339,1.5116908651055627,0.8630806865031742,2.781020438771672,2.8167871844838865
Germany,2009,0.8535066004365982,22.596189784896726,22.86727624330341,36.28853414513918,9.79369911542774,1.439474781836205,0.5079113152663195,2.981680199773575,2.6717278139202305
Germany,2008,0.8060416910228584,23.682046225086793,22.746717632527332,35.55755770511303,10.196052517879563,1.4599990850543632,0.32195920359065333,2.9556302196377833,2.2739957200876315
Germany,2007,0.928385914300626,25.897179449245705,22.765617102067488,33.88942483531206,9.7939756882374,1.5374898803726489,0.22782003706762993,2.9418321765109585,2.0182749168854976
Germany,2006,0.7827671590787968,24.205275573474978,22.648504584624344,35.87148232946032,11.248447032197603,1.4030188684818736,0.15865072298697586,2.1940078028093364,1.4878459268857713
Germany,2005,0.5032010298208439,23.85755827378325,22.78309537274604,36.84567147433108,11.30526662714747,1.4190571870053004,0.09450791658370412,2.0069494232493517,1.1846926953329748
Germany,2004,0.2692091112632903,24.6417985113821,22.1504857734394,37.17030924009463,11.52080329305463,1.4908623519723962,0.04002599569963695,1.8698249878924478,0.8466807352014792
Germany,2003,0.20194630457462368,25.274331799349305,22.035311554350713,37.594502592213594,11.453838849890987,1.3248814603368382,0.02264072657781927,1.3802614754572529,0.7122852372488825
Germany,2002,0.14088709514590117,24.855878633694303,21.764413943834114,38.332158027859855,11.50892023202998,1.7243463718706404,0.014557336087262259,1.14958086587733,0.50925749360063
Germany,2001,0.08853502228389837,24.488929922450016,21.524126593513486,39.1592840305415,11.886485154692613,1.6775872988055769,0.007236390478583852,0.7592548880710072,0.4085606991633107
Germany,2000,0.06441536350299222,24.875914546463438,20.792597323239505,39.37724460211039,12.067161478960701,1.8461809261820998,0.0,0.7043565496934818,0.2721292098474016
Germany,1999,0.03370707142064205,24.109184672365245,21.096968381959652,40.39567964153437,12.170599158332408,1.543259090312749,0.0014128712571526607,0.4124070280253105,0.23678208479245927
Germany,1998,0.025524737351447776,24.691625846159972,20.863860604085456,41.06639168281659,11.407567363165267,1.3978649776223186,0.0010946281125377212,0.3302293992233116,0.21584076146311976
Germany,1997,0.022796875643783524,25.086876080476923,20.50322375947619,40.68223351155523,11.924147590525678,1.3826403765728057,0.0008141741301351258,0.21637294306924407,0.1808946885500225
Germany,1996,0.013760863471045071,25.558721501312636,21.187102198401448,40.40282066038992,11.168925680864385,1.3552623855686778,0.0004383991902279846,0.14635226300444218,0.16661604779720235
Germany,1995,0.009031912337617411,26.515556148178714,19.55758724663788,41.03683334612225,11.000844068687819,1.603629872735575,0.00037737795282524,0.11157808138532929,0.164561945961993
Germany,1994,0.0072834464459310315,28.10833721952409,18.029741751244003,41.27218037050488,10.850109706912091,1.5102023887681164,0.00030347693524712633,0.0679788334953563,0.15386280617029302
Germany,1993,0.0012777065017974324,28.705154693930414,17.539979060645212,41.259222347738095,10.912089533654665,1.4046002945739813,0.00022547761796425276,0.04444414380762049,0.13300674153024644
Germany,1992,0.0012720310794605391,30.29174905769933,16.50215896098506,40.446971767893736,11.238693888464324,1.3743672268924332,0.00014965071523065167,0.0202776719137533,0.12435974435667152
Germany,1991,,,,,,,,,
Germany,1990,,,,,,,,,
India,2022,0.3575660968308904,55.13370302969059,5.7474418535275005,27.57543061189755,1.141607652653351,4.5049100390055035,2.450648460212597,1.8039020914129704,1.2847901647690414
India,2021,0.32869148550815347,55.92010872014702,6.477470574782868,26.798199599039158,1.1505088797301106,4.377047996781629,1.8647308037078023,1.8589613578583815,1.2242805824448593
India,2020,0.25527396719075407,53.44759860747699,6.842686822555572,28.57069818076204,1.2745900147951885,4.873909873710919,1.7471722099404483,1.799093107432839,1.1889772161352463
India,2019,0.24437107715308184,53.58295277332659,6.363528961941137,29.811273741144735,1.2269354859497106,4.588221900494478,1.3098710750050482,1.7924805925136726,1.080364392471571
India,2018,0.22464328340146994,54.85434193810742,6.386196390930185,29.59923290281384,1.091701830609869,4.071437907510745,1.0584474452428556,1.7570538112113308,0.956944490172283
India,2017,0.1772240300937597,55.120350254537755,6.236747613828712,29.925937320336832,1.1117721507057023,4.205914518931183,0.6671470677864754,1.6297256977868935,0.9251813459927136
India,2016,0.20913304910984673,55.41720189088263,6.135318371939136,30.17503734389311,1.1759913858395437,4.151519932084004,0.3736926013551793,1.4051523096923078,0.9569531152042494
India,2015,0.18206542010421803,56.68048440206517,6.034362954685476,28.75323433084331,1.2495287113406028,4.530505613999345,0.22320180419459842,1.1129417790785574,1.2336749836887102
India,2014,0.17742132438455957,57.478410038507675,6.334352673367799,27.52822775229972,1.1776283268130834,4.9178422380292846,0.17368613860804252,1.1836751485422001,1.0287563594476365
India,2013,0.16797840106422104,55.90072753928441,6.833914545014001,28.597203994007486,1.2144382517308787,5.014801449780886,0.1304345522746163,1.1401591479986048,1.000342118844893
India,2012,0.1739990660513706,54.559337282497566,8.022840546276406,29.332339080391883,1.2559621327330557,4.572531251413382,0.08289442260973823,1.0834322640937082,0.9166639539328829
India,2011,0.18983825561979997,52.8210408140862,9.153459245356874,29.1554391628593,1.2951757882812267,5.516545141132133,0.03463337287601086,1.0032594240049508,0.8306087957835045
India,2010,0.17588552452845657,53.61988070080709,9.441452970718357,29.344715932227704,0.9844401198980748,4.833136935303622,0.005028045766745754,0.8647438074572322,0.7307159632927038
India,2009,0.14764858067602638,54.59382692292274,8.203123955986392,29.958630334324898,0.752775572821035,4.9606682488901725,0.003491181509366389,0.7590396544765967,0.620795548392787
India,2008,0.1860269574836044,54.225915675199055,7.178220754383025,30.601533236948047,0.7372505204913281,5.809541281900402,0.0031773397157770895,0.7252951066455228,0.533039127233248
India,2007,0.1883866427315246,53.01563029629618,7.374021301465748,30.835387884582353,0.9193040163310224,6.587414442253936,0.0031730276688012723,0.6276704732865269,0.4490119153839021
India,2006,0.1827940959053504,52.577582330027774,7.397789438934503,31.325732480582896,0.9926760705104771,6.6074343688778665,0.0004123950274232383,0.5478255544290298,0.3677532657046728
India,2005,0.18129250740179995,53.3518912331844,7.4562354326278735,31.239483796411953,1.0580609565102173,6.059462030884459,0.0011295483327214949,0.3726423393814855,0.27980215526510727
India,2004,0.19960520583625568,51.6040640521559,7.05428902778602,32.5288401690871,1.3519698995901632,6.670328472240432,0.0011960671472096445,0.34635344428236203,0.2433536618745777
India,2003,0.19892219881830472,52.6459025023988,7.099487072929148,33.369654637097476,1.2608895231311676,5.0190830448357895,0.001173803307527975,0.18863268897359142,0.21625452850818588
India,2002,0.22122480211477666,52.067243855075,6.86914392572103,33.92960384670404,1.4021855003077022,5.1754756061629426,0.0009829914032228148,0.15743383368458033,0.17670563882671184
India,2001,0.0,51.46981009660908,6.791856834046013,34.3235347774257,1.4222788246647635,5.651613806211839,0.0008814453352977991,0.1636015963242127,0.17642261938308978
India,2000,0.0,51.25811516330634,6.802361476985201,34.363207433309896,1.2000223145199402,6.105917799959984,0.0005632270657961858,0.125465533990217,0.14434705086262248
India,1999,0.0,50.61780706524035,6.796300313566174,34.44379333369019,1.017498288486515,6.85199845611623,0.0005071151066772972,0.12046801089734017,0.15162741689651188
India,1998,,,,,,,,,
India,1997,,,,,,,,,
India,1996,,,,,,,,,
India,1995,,,,,,,,,
India,1994,,,,,,,,,
India,1993,,,,,,,,,
India,1992,,,,,,,,,
India,1991,,,,,,,,,
India,1990,,,,,,,,,
Iran,2022,,,,,,,,,
Iran,2021,,,,,,,,,
Iran,2020,,,,,,,,,
Iran,2019,,,,,,,,,
Iran,2018,,,,,,,,,
Iran,2017,,,,,,,,,
Iran,2016,,,,,,,,,
Iran,2015,,,,,,,,,
Iran,2014,,,,,,,,,
Iran,2013,,,,,,,,,
Iran,2012,,,,,,,,,
Iran,2011,,,,,,,,,
Iran,2010,,,,,,,,,
Iran,2009,,,,,,,,,
Iran,2008,,,,,,,,,
Iran,2007,,,,,,,,,
Iran,2006,,,,,,,,,
Iran,2005,,,,,,,,,
Iran,2004,,,,,,,,,
Iran,2003,,,,,,,,,
Iran,2002,,,,,,,,,
Iran,2001,,,,,,,,,
Iran,2000,,,,,,,,,
Iran,1999,,,,,,,,,
Iran,1998,,,,,,,,,
Iran,1997,,,,,,,,,
Iran,1996,,,,,,,,,
Iran,1995,,,,,,,,,
Iran,1994,,,,,,,,,
Iran,1993,,,,,,,,,
Iran,1992,,,,,,,,,
Iran,1991,,,,,,,,,
Iran,1990,,,,,,,,,
Japan,2022,0.11617778712185976,27.55187092038513,20.277301325996525,37.04301907288996,2.613455437707581,3.9391089579369014,5.38648887443336,0.4299465900972056,2.6426310334314795
Japan,2021,0.10600157948974775,27.47788473577255,20.789451929898902,36.81715961514383,3.084479426503966,4.178404490630608,4.851453323188642,0.4331357365976121,2.2620291627741227
Japan,2020,0.11956832789309688,26.67984052797342,21.861898266353723,37.91777268244772,2.2751784759373725,4.2685998034418455,4.142921838425502,0.4311598211786897,2.303060256348616
Japan,2019,0.10410543437370041,26.504753409005595,21.031807011244247,39.56395539961354,3.229466506332887,3.7758449716024813,3.473624094572551,0.34602607848911743,1.9704170947659014
Japan,2018,0.10155520416281355,26.340467906199923,21.980489850938394,39.88686073981428,2.368329669544761,4.076379543674057,3.121844209073785,0.32390905091285704,1.8001638256791437
Japan,2017,0.10518972507823567,26.754941385118343,22.104863971376,40.99808742518907,1.4029138706455477,3.9872139782349665,2.7275826089848314,0.2930271702017745,1.6261798651712227
Japan,2016,0.09377222739353946,26.687407611979214,22.2653863050472,42.109008732120316,0.8685645390271675,4.066574265098659,2.2182687730450086,0.2734369845085527,1.4175805617803685
Japan,2015,0.07459610767290166,26.394315667089526,22.414251764789846,42.827284994325524,0.22074859299204405,4.3606532058862015,1.7561709823595597,0.2655515703415241,1.6864271145428804
Japan,2014,0.06307868269970807,25.79236894980229,23.219823346185457,43.98881000175892,0.0,4.120067266556294,1.187383146693767,0.2528172756300191,1.3756513306735687
Japan,2013,0.04854786373071829,25.569956637106174,22.412005182792868,45.146646841141454,0.6928592913826092,3.9225077402638497,0.6382701576136512,0.2538059094143307,1.3154003765543572
Japan,2012,0.04304338719399799,24.38883342875518,22.190775135762266,46.874608849972546,0.8525472230081493,3.8073226706998975,0.3640317930344273,0.23344283883205097,1.245394672741487
Japan,2011,0.04358799037382733,22.922564925375003,20.02030889391587,43.57251386720013,7.707872180496814,4.066639764471159,0.26815817776108203,0.21983430487431324,1.1785198955317928
Japan,2010,0.03878072454107219,22.898299708137383,16.91670726426787,41.280481632561866,13.180842085092797,4.158153583856927,0.18706494408703134,0.18444119362702865,1.1552288638280281
Japan,2009,0.0014977591357893695,21.418803770455234,16.6879240192204,43.58852622666473,13.28185733681824,3.5511688656658027,0.1534751981914288,0.1727114781763862,1.1440353456719814
Japan,2008,0.0017782935560898487,23.295332736836595,16.31740761682648,44.37718396677358,11.177447681121668,3.4778152939173475,0.1200183493549899,0.13626997657592213,1.0967460850373394
Japan,2007,0.0015852967287240238,22.2815719931774,15.430776885985459,45.27761133959515,12.246498111879243,3.4081453192981734,0.10577811539924889,0.12533550055258913,1.1226974373840146
Japan,2006,0.0007681592855094434,20.998626275144417,14.170986495759763,46.224305071899714,13.296309122659675,4.043910545290672,0.09086684214838789,0.09722015957228893,1.077007328239584
Japan,2005,0.0,21.312571091719736,13.208929343532432,47.83199394031904,12.856177100051797,3.5460597703733465,0.07453254300310584,0.08732186754155653,1.082414343458987
Japan,2004,0.0,20.413374261456884,12.914196578360595,48.74984599081857,12.664913992781557,4.23218031659321,0.0587037337593413,0.06649030979838057,0.9002948164314699
Japan,2003,0.0,20.116965224846485,13.53247296283271,50.64133959784189,10.377183272530434,4.346367465613002,0.04484450286132887,0.03910725891015055,0.90171971456401
Japan,2002,0.0,19.50617519203661,12.28046009011958,49.296521128427756,14.214221569239522,3.799116955370897,0.03273346737852404,0.019459214697149223,0.8513123827299712
Japan,2001,,,,,,,,,
Japan,2000,,,,,,,,,
Japan,1999,,,,,,,,,
Japan,1998,,,,,,,,,
Japan,1997,,,,,,,,,
Japan,1996,,,,,,,,,
Japan,1995,,,,,,,,,
Japan,1994,,,,,,,,,
Japan,1993,,,,,,,,,
Japan,1992,,,,,,,,,
Japan,1991,,,,,,,,,
Japan,1990,,,,,,,,,
Russia,2022,0.0453168177601057,11.05640641746944,50.842217481351824,24.417728108563,6.973207879967873,6.421145123713541,0.07792449223857603,0.13647377094485502,0.029579907990786622
Russia,2021,0.030312759991090267,10.881983540777354,54.26957111160814,21.840955317322344,6.385175356629451,6.4189070208971675,0.06917849790497779,0.07734270410401155,0.02657369076548238
Russia,2020,0.02444494556170064,11.321378095570328,52.44188783831761,22.43861489043922,6.7383594568565925,6.9090282713101665,0.060567491764071855,0.037014155159028984,0.02870485502128779
Russia,2019,0.019741778963451567,11.825492700017701,53.03218327723318,22.639487783192777,6.309527461303905,6.115535240328707,0.03099721884406513,0.009906696819628054,0.017127843296585853
Russia,2018,0.013930755851302446,11.93894206570602,53.839445432719955,22.03747254865192,6.15270311746861,5.974766141582204,0.019569395124448677,0.007427367277862785,0.015743175617670878
Russia,2017,0.009678615908795011,11.989029264302363,52.94996352095273,22.587715527300325,6.371845545011704,6.052475785036465,0.017785070857785752,0.004544527774434206,0.016962142855388208
Russia,2016,0.004868627982328117,12.826202708662414,51.978955170192535,22.806988927825557,6.241210365630255,6.106952388401841,0.015495582461521464,0.004905698753767163,0.014420530089789116
Russia,2015,0.0,13.509216756050899,51.53167066722686,22.852849157108274,6.369376875971873,5.704543288011584,0.011398948573088695,0.005031173098077864,0.015913133959333997
Russia,2014,0.0,12.636932148969866,52.39784455545973,23.276792980098534,5.831847873342128,5.829849747112924,0.005373842591587094,0.0032267876993363614,0.018132064725886247
Russia,2013,0.0,13.105497767474217,52.89284697892565,22.222240204486564,5.616608109497715,6.146349017989928,0.0003610285379365053,0.00014939111914614013,0.015947501968850458
Russia,2012,,,,,,,,,
Russia,2011,,,,,,,,,
Russia,2010,,,,,,,,,
Russia,2009,,,,,,,,,
Russia,2008,,,,,,,,,
Russia,2007,,,,,,,,,
Russia,2006,,,,,,,,,
Russia,2005,,,,,,,,,
Russia,2004,,,,,,,,,
Russia,2003,,,,,,,,,
Russia,2002,,,,,,,,,
Russia,2001,,,,,,,,,
Russia,2000,,,,,,,,,
Russia,1999,,,,,,,,,
Russia,1998,,,,,,,,,
Russia,1997,,,,,,,,,
Russia,1996,,,,,,,,,
Russia,1995,,,,,,,,,
Russia,1994,,,,,,,,,
Russia,1993,,,,,,,,,
Russia,1992,,,,,,,,,
Russia,1991,,,,,,,,,
Russia,1990,,,,,,,,,
South Korea,2022,0.24492820708359794,22.622063255273204,17.54327319948306,43.042832124745104,12.477315953987716,0.26155703631770294,1.9920034311478647,0.2480160135342239,1.5680107784275075
South Korea,2021,0.19898336236606806,24.172008279129184,17.88311389476405,42.966938215150186,11.369589530907612,0.2290429169631311,1.8533764272915538,0.23844190066936236,1.0885054727588508
South Korea,2020,0.2406880709593422,25.19828648088847,17.256749838266614,42.15940238576614,12.107614710734929,0.30541141764224067,1.523218075989048,0.24812615713976793,0.9605028626134496
South Korea,2019,0.23483065529814667,27.568103198521648,16.169149634855355,42.90882406918992,10.650023257988225,0.21212093230482623,1.0795630960941585,0.20378152957919782,0.9736036261685266
South Korea,2018,0.22669248362927075,28.75020433990863,16.490979516368444,42.78511087419252,9.669863736306372,0.2535669260630454,0.7674336533636273,0.18606699952556052,0.8700814706425246
South Korea,2017,0.14445844186817056,29.07839053740629,14.43609563560844,43.65285177037752,10.99749729158555,0.21687625084647016,0.5975629782520266,0.16749519680758157,0.7087718972479491
South Korea,2016,0.15094332987842776,27.775125793434157,13.961364251075228,44.527403203304054,12.194585908029183,0.22329415136354488,0.43272765527368334,0.13204244698741904,0.6025132606543104
South Korea,2015,0.15630464439033795,29.96993700440037,13.774633445995388,42.0567216881143,12.847547752124974,0.17434908017130746,0.34371934444987257,0.10908133001372043,0.5677057103397334
South Korea,2014,0.162037378218639,30.140027070713028,15.354400341945851,40.83298942227856,12.485230248451172,0.22888508949056946,0.22412560614323407,0.09531249232341396,0.4769923504355388
South Korea,2013,0.19752782023078883,29.375394544552325,17.0287751912244,41.352202913759925,11.242761907888909,0.36209819954491473,0.14078154978029406,0.09692089532729155,0.2035369776911578
South Korea,2012,0.1301446950336088,29.156671081512986,16.331387070096564,41.4431262086419,12.297336790593267,0.33835755280715824,0.09606954315667729,0.07781943900361271,0.12908761915421493
South Korea,2011,0.1230061068803178,30.626726970811774,15.244544259069928,40.49559912533186,12.888484847340578,0.39910116489206204,0.08011602663527477,0.07489243652472662,0.06752906251347197
South Korea,2010,0.1366384247663895,29.53888976505764,14.821647345773908,41.94631723227841,13.030860858293442,0.33649269906325313,0.0706898067405875,0.0746737222578726,0.04379014576850554
South Korea,2009,0.10513623963664684,28.373980559043094,12.623284333775548,44.34786010762592,14.084806106153453,0.27941485067168387,0.05623152735640685,0.06807535949409406,0.0612109162431222
South Korea,2008,0.07384988196535815,27.49221894040261,13.35263086181203,44.06824515872002,14.557581986779974,0.3085244221380846,0.028574361109114366,0.04380925201334805,0.07456513505945363
South Korea,2007,0.040464943289090935,25.222929843677345,13.19084437939029,46.98125342434128,14.100633005505486,0.3733463635540654,0.007344041818864663,0.03861075451304095,0.04457324391053503
South Korea,2006,0.023215921928599056,24.671298118274635,12.543562618022069,47.12656159839376,15.208301115000816,0.36947016398304344,0.0032951631124463173,0.025462624050721548,0.028832677233905278
South Korea,2005,0.0059372930510835555,24.25429882852641,12.09251520479855,47.849938724090954,15.349729396451325,0.4003105660980567,0.0015604424044514474,0.014158160352583864,0.031551384226591456
South Korea,2004,0.0025183425843074204,24.34517190442575,11.676846279581673,49.22041557374534,14.222929981419355,0.4888339050757982,0.0011017748806344966,0.005390827094533072,0.036791411192616225
South Korea,2003,0.0,23.943038652630495,10.19768871879251,50.72886943089392,14.531884614734118,0.5705718765931436,0.0008859186452854228,0.002899370111843202,0.024161417598693353
South Korea,2002,,,,,,,,,
South Korea,2001,,,,,,,,,
South Korea,2000,,,,,,,,,
South Korea,1999,,,,,,,,,
South Korea,1998,,,,,,,,,
South Korea,1997,,,,,,,,,
South Korea,1996,,,,,,,,,
South Korea,1995,,,,,,,,,
South Korea,1994,,,,,,,,,
South Korea,1993,,,,,,,,,
South Korea,1992,,,,,,,,,
South Korea,1991,,,,,,,,,
South Korea,1990,,,,,,,,,
United States,2022,1.6285178027947989,10.289184217926644,33.076339666896025,37.69148313407982,7.626440913915185,2.5301545257575206,2.0175722545782615,4.297998646636568,0.8423088374151689
United States,2021,1.6027697642522893,11.31968118433808,32.21440072670582,38.01653064572227,7.94250566120116,2.5109053666706953,1.6750225399675867,3.852819716027242,0.8653643951148395
United States,2020,1.5376967816447487,10.389672518843666,33.8529278531827,36.71244207283678,8.516830910907755,3.018575508487855,1.4094933991028367,3.643801724945581,0.9185592300480896
United States,2019,1.5649069494293888,11.855091129197374,32.02288353268365,38.69814281929275,8.109700251851919,2.8315795942034137,1.0710018907802796,2.964529139566844,0.8821646929943969
United States,2018,1.511756698264578,13.784659828495885,30.710430860055627,38.4821495123007,8.058649827731825,2.8618654505490486,0.9322376966447358,2.722556417524334,0.9356937084332854
United States,2017,1.5881851487062064,14.921524937226534,28.660728152839205,38.95489102417868,8.380806715047003,3.0593248468280954,0.804577089069574,2.647694355674865,0.9822677304298418
United States,2016,1.5908976933229406,15.397573780816115,29.121585031382235,38.7261124706733,8.469643103585682,2.7450176203147754,0.5767645097898197,2.386200756905745,0.9862050332093854
United States,2015,1.465065954009767,16.813891403094537,28.88020258024303,38.41498313281313,8.422182409219051,2.57773789227434,0.412373744670842,2.01494292623709,0.998619957438201
United States,2014,1.3867979329453972,19.275327637094268,27.783288622340702,37.28721759785279,8.391278623347388,2.6652070183904057,0.3044635302128767,1.9121743752177476,0.9942446625984079
United States,2013,1.3814889130020664,19.52083332280644,27.480942852792918,37.42089134964742,8.442716850199371,2.8236438407417617,0.16991381562374544,1.7959363642734545,0.9636326909128351
United States,2012,1.2854589631059545,19.316633918031254,27.472315702141938,37.81794478834382,8.506769619428214,2.999748920696349,0.09892660303994798,1.557114872434427,0.9450866127781041
United States,2011,1.2491611620028622,21.27442036994077,25.58536743125571,37.68379414744518,8.55910177320557,3.389550768434689,0.05081616838082965,1.3016915451971198,0.9060966341372703
United States,2010,1.1435517254732948,22.351156650976726,24.976759859069865,38.1137463531041,8.717785793044161,2.7515787401021083,0.03222504432725741,1.0225392279129073,0.8906566059895888
United States,2009,1.0282077295320993,21.837324286720897,24.601277089151274,38.78525567872895,8.976133943398128,3.020505840745047,0.023094513439867632,0.8302035447967041,0.8979973734870367
United States,2008,0.8604983034982768,23.6051265656105,23.816661929019826,38.90738123863069,8.666280838161303,2.671699554873274,0.017378945927733126,0.5951219127944263,0.8598507114839726
United States,2007,0.6146368662033044,23.40341530203554,23.061752079393177,40.651206030494244,8.510620373314374,2.539319611059576,0.011443336547345464,0.3635670324753171,0.8440393684770995
United States,2006,0.4932931976703377,23.40870244112338,21.97075464270553,41.46700153171846,8.474683496417239,3.0432407258069656,0.00878713623184975,0.286241150031624,0.8472956782946274
United States,2005,0.34921789498401956,23.585751136941614,22.11780224200304,41.67232469642569,8.404893428062952,2.834965549965881,0.007967259024695271,0.19142974878645155,0.8356480438056548
United States,2004,0.2990123969297275,23.25484178910441,22.478916014162927,41.631551010952776,8.53317962414937,2.8128624517321223,0.00748023602300983,0.15305856701356446,0.829097909932084
